header: 
  seq: 12375
  stamp: 
    secs: 1664303640
    nsecs: 978235160
  frame_id: "laser"
angle_min: -3.12413907051
angle_max: 3.14159274101
angle_increment: 0.00435422640294
time_increment: 5.34945756954e-05
scan_time: 0.0769786909223
range_min: 0.15000000596
range_max: 25.0

